task_id: 1390, seq_id:, A011927,  diff: -3, truth: (4, -6, 4, -1, 0, 0, 0, 0, 0, 0, 0, 0, 0, 0, 0, 0, 1, -4, 6, -4, 1),
disco: [27672, 35382, 35383, 118025, 164071, 14671, 138737, 10049, 30761, 51473, 234631, 43457, 22745, 2033, 134729, 14671, 168079, 86345]
task_id: 1398, seq_id:, A011937,  diff: -12, truth: (4, -6, 4, -1, 0, 0, 0, 0, 0, 0, 0, 0, 0, 0, 0, 0, 0, 0, 0, 0, 0, 0, 0, 0, 0, 0, 1, -4, 6, -4, 1),
disco: [1193414, 425539, 1418344, 400994, 622202, 461159, 438241, 50830, 2029854, 1140420, 2447177, 668191, 606523, 708069, 1518, 900249, 1117028, 1137519, 1069624]
task_id: 1400, seq_id:, A011939,  diff: -14, truth: (4, -6, 4, -1, 0, 0, 0, 0, 0, 0, 0, 0, 0, 0, 0, 0, 0, 0, 0, 0, 0, 0, 0, 0, 0, 0, 0, 0, 1, -4, 6, -4, 1),
disco: [2064895, 695316, 159717, 1711787, 2373673, 4071722, 5076578, 5840934, 427188, 1562057, 3043699, 3061556, 4763948, 1680939, 2225471, 2358011, 435295, 1356844, 1818581]
task_id: 2188, seq_id:, A016809,  diff: -3, truth: (10,-45,120,-210,252,-210,120,-45,10,-1),
disco: [33112217534112, 76972640684931, 90461695490462, 64875503636067, 28841824790620, 7352860054937, 825827968422]
task_id: 2200, seq_id:, A016821,  diff: -3, truth: (10,-45,120,-210,252,-210,120,-45,10,-1),
disco: [678505902676899429626710, 1690409015632676488055517, 2085009156183410712818568, 1548259704384636886556727, 706376163457767853477390, 183692219373884490827595, 20955740496306933448052]
task_id: 2212, seq_id:, A016833,  diff: -3, truth: (10,-45,120,-210,252,-210,120,-45,10,-1),
disco: [6681087891716933309, 17680193208975299767, 22749893699860711361, 17420087145905559075, 8132781151086491639, 2152819310447692133, 249070895730224587]
task_id: 2214, seq_id:, A016835,  diff: -6, truth: (12,-66,220,-495,792,-924,792,-495,220,-66,12,-1),
disco: [175282373173657813207778194607808546, 155747884367374349333414630829761981, 75515954197309997865454717900974703, 23027262113621559478564809356746802, 4173245256003669860684947027722848, 345564503443884606116351784567553]
task_id: 2222, seq_id:, A016844,  diff: -2, truth: (9,-36,84,-126,126,-84,36,-9,1),
disco: [32747749788912949, 116734018744450591, 191348542578363393, 179237728859702003, 99331257278777327, 30505478145658797, 4022192460017563]
task_id: 2223, seq_id:, A016845,  diff: -3, truth: (10,-45,120,-210,252,-210,120,-45,10,-1),
disco: [2138721063295653446735541, 5966986020524023335532095, 7970145030351503261971361, 6271931733031870233583155, 2989183489330321029631663, 804053692459084382145101, 94220202657068623873467]
task_id: 2235, seq_id:, A016857,  diff: -3, truth: (10,-45,120,-210,252,-210,120,-45,10,-1),
disco: [33112217534112, 76972640684931, 90461695490462, 64875503636067, 28841824790620, 7352860054937, 825827968422]
task_id: 2237, seq_id:, A016859,  diff: -6, truth: (12,-66,220,-495,792,-924,792,-495,220,-66,12,-1),
disco: [13758741063251813282585877, 9452950518147583146796142, 3780043756086244805309317, 996286142225153745871388, 161443004185903039877447, 12250020212893089052870]
task_id: 2246, seq_id:, A016868,  diff: -2, truth: (9,-36,84,-126,126,-84,36,-9,1),
disco: [1571036871558658464, 5110385888992259980, 7872615637315874691, 7055836667653400745, 3784464219157676930, 1133492004561926274, 146532773911626915]
task_id: 2247, seq_id:, A016869,  diff: -3, truth: (10,-45,120,-210,252,-210,120,-45,10,-1),
disco: [8859080164250156920140356317, 21784263210995039949711271363, 26624830850816509658971664061, 19640520223696237118784793955, 8916687193213139090964266375, 2310002349618246412903088217, 262740626565818906462866783]
task_id: 2249, seq_id:, A016871,  diff: -6, truth: (12,-66,220,-495,792,-924,792,-495,220,-66,12,-1),
disco: [1039664286659042007368152743, 397428853683692381436740368, 99535871903731748493291081, 17987848418874858998722064, 2141836894557095618420641, 125886346524569630752032]
task_id: 2259, seq_id:, A016881,  diff: -3, truth: (10,-45,120,-210,252,-210,120,-45,10,-1),
disco: [2129045362632761240280136048, 5505114761099542529817781899, 6969317235817498463041321026, 5273749298156087566067961075, 2440308581928969925642110340, 641542761988945860489028353, 73819775605569935356203914]
task_id: 2271, seq_id:, A016893,  diff: -3, truth: (10,-45,120,-210,252,-210,120,-45,10,-1),
disco: [1217031994302760758112, 2198492225519298787369, 2091798585064221124716, 1253378031758303932415, 477043674554891975960, 106128551527972265367, 10561598768664126364]
task_id: 2273, seq_id:, A016895,  diff: -6, truth: (12,-66,220,-495,792,-924,792,-495,220,-66,12,-1),
disco: [3069853765825368760228287782, 1573640355828245300411017735, 493674483256848288172895839, 106068065969781853640886526, 14433655415047999996156564, 941329930944466411085923]
task_id: 2784, seq_id:, A017408,  diff: -2, truth: (9,-36,84,-126,126,-84,36,-9,1),
disco: [41186647794899519202, 83220342560070591779, 89247029431232132334, 60126712251886739907, 25566887168434364878, 6306854949026200889, 690752634970445122]
task_id: 2788, seq_id:, A017412,  diff: -6, truth: (13,-78,286,-715,1287,-1716,1716,-1287,715,-286,78,-13,1),
disco: [224804854747, 71907212511, 166874431237, 16669933273, 13083236187, 2436259749, 178254257]
task_id: 2798, seq_id:, A017422,  diff: -4, truth: (11,-55,165,-330,462,-462,330,-165,55,-11,1),
disco: [73212255927179, 28984618901715, 62841353913126, 38124522522373, 13004857216127, 2527933489419, 219832226892]
task_id: 2799, seq_id:, A017423,  diff: -7, truth: (12,-66,220,-495,792,-924,792,-495,220,-66,12,-1),
disco: [25294932654872079285700300923211569185971196333030, 8510661994509051826632403471054360174099992526581, 1736660900767454701997721478320964702738688380144, 224096704313907254980219300615810868215083905186, 14103375686145108404684463329159998003753643274]
task_id: 2800, seq_id:, A017424,  diff: -7, truth: (13,-78,286,-715,1287,-1716,1716,-1287,715,-286,78,-13,1),
disco: [3886229168060727573475, 662757952814622793193, 101376894524877927401, 13088821824302350254, 1207278502562579369, 57662209680431909]
task_id: 2810, seq_id:, A017434,  diff: -5, truth: (11,-55,165,-330,462,-462,330,-165,55,-11,1),
disco: [1608289427018329633356377076795, 889803376408202356904279514581, 306423512808765630946263263593, 72702052290355148264507414582, 10922657565171514568898248093, 783830626245281997592307677]
task_id: 2812, seq_id:, A017436,  diff: -5, truth: (13,-78,286,-715,1287,-1716,1716,-1287,715,-286,78,-13,1),
disco: [317371, 405737, 439216, 1082656, 315956, 371504, 115053, 12128]
task_id: 2904, seq_id:, A017528,  diff: -2, truth: (9,-36,84,-126,126,-84,36,-9,1),
disco: [74182229, 40827079, 3057129, 17042405, 10693285, 3146211, 380551]
task_id: 2906, seq_id:, A017530,  diff: -5, truth: (11,-55,165,-330,462,-462,330,-165,55,-11,1),
disco: [31556104867135255, 14160920877707808, 4162059939927841, 875968090190784, 120147255521241, 8039042796064]
task_id: 2920, seq_id:, A017544,  diff: -8, truth: (13,-78,286,-715,1287,-1716,1716,-1287,715,-286,78,-13,1),
disco: [7774064022514077032612549328627255175044185319110981889, 1795496364183634307076437169025914569153750997189684997, 265382436610113500968467178209377107298991617747267338, 26004366842121305600378252023424952891992716444189962, 1293820046247738135634453805037556938566073865653253]
task_id: 2942, seq_id:, A017566,  diff: -3, truth: (11,-55,165,-330,462,-462,330,-165,55,-11,1),
disco: [10339110, 1454898, 2493408, 5320253, 1032534, 2067300, 737705, 91937]
task_id: 2943, seq_id:, A017567,  diff: -7, truth: (12,-66,220,-495,792,-924,792,-495,220,-66,12,-1),
disco: [7516036663174028516526705673771958038, 2659705275638148781945320129762029033, 563781625647883201370807037826159672, 74876818659380189415537831608816398, 4817166998124353271937445741813162]
task_id: 2944, seq_id:, A017568,  diff: -7, truth: (13,-78,286,-715,1287,-1716,1716,-1287,715,-286,78,-13,1),
disco: [3398108669466220530, 1447388742204398593, 433497555500987157, 71119351463602262, 7328260827574188, 371778995245177]
task_id: 2954, seq_id:, A017578,  diff: -4, truth: (11,-55,165,-330,462,-462,330,-165,55,-11,1),
disco: [3447903, 17099061, 31339331, 980934, 4725368, 1469731, 160359]
task_id: 2964, seq_id:, A017588,  diff: -2, truth: (9,-36,84,-126,126,-84,36,-9,1),
disco: [437347323770163, 327845090706589, 19880058957117, 124334904376881, 91879783917019, 29467891819533, 3778999654965]
task_id: 2976, seq_id:, A017600,  diff: -3, truth: (9,-36,84,-126,126,-84,36,-9,1),
disco: [1624310324036663, 3230811145486662, 3106272376230897, 1701247915999828, 511587640586457, 65980586506086]
task_id: 2977, seq_id:, A017601,  diff: -4, truth: (10,-45,120,-210,252,-210,120,-45,10,-1),
disco: [398485042362278948, 349377501353525801, 175534731262506251, 56832543414666994, 11056018810154162, 986406515317445]
task_id: 2978, seq_id:, A017602,  diff: -6, truth: (11,-55,165,-330,462,-462,330,-165,55,-11,1),
disco: [153737711651432444063914608, 85792770673597290685411393, 26438287683489167307631732, 4782704723733736871500518, 398160813632465249540932]
task_id: 2989, seq_id:, A017613,  diff: -4, truth: (10,-45,120,-210,252,-210,120,-45,10,-1),
disco: [301488389142237066639251, 276796593526322522769711, 143743940875705719068013, 47676013940282410557226, 9443043874621980699369, 854143890400434986895]
task_id: 2990, seq_id:, A017614,  diff: -6, truth: (11,-55,165,-330,462,-462,330,-165,55,-11,1),
disco: [121401772390842765741360975276202497380567082, 71065651920147628361684127414477143469444169, 22676717236569136542629163381190771351332256, 4209440656548154319113878623912085496334094, 357323919593722788922133871558212126225806]
task_id: 3000, seq_id:, A017624,  diff: -3, truth: (9,-36,84,-126,126,-84,36,-9,1),
disco: [11454513588616034595, 23830391980927370750, 23627983728412606849, 13227670573919839316, 4042806259949906189, 527911550993945086]
task_id: 3001, seq_id:, A017625,  diff: -5, truth: (10,-45,120,-210,252,-210,120,-45,10,-1),
disco: [44446595898115178491547, 36134074520160410881221, 15165658044777617668006, 3544544814652961902490, 366031443115891181919]
task_id: 3002, seq_id:, A017626,  diff: -6, truth: (11,-55,165,-330,462,-462,330,-165,55,-11,1),
disco: [3152073621393611756315393082053, 1931713474226058250256679548673, 637327490063377182576938381302, 121266465399707315914664682398, 10487836964687226545427802677]
task_id: 3012, seq_id:, A017636,  diff: -3, truth: (9,-36,84,-126,126,-84,36,-9,1),
disco: [364527571886945563124, 774414246145819641351, 778970163554541315603, 440610152466169729942, 135699882296048859978, 17824084351908796851]
task_id: 3014, seq_id:, A017638,  diff: -6, truth: (11,-55,165,-330,462,-462,330,-165,55,-11,1),
disco: [27470372439706223084513134041550, 17591844576857553841939739378201, 5992788113694383493575163834424, 1167615762586938991028602904926, 102808654476560099295289698674]
task_id: 3015, seq_id:, A017639,  diff: -7, truth: (12,-66,220,-495,792,-924,792,-495,220,-66,12,-1),
disco: [4061454222996280098929418446515553340302, 1985940563456429151530340166951678278249, 536119562057078303475809481572137342696, 85456029424364019246104220298759615694, 6320472158842924477189170872537808066]
task_id: 3036, seq_id:, A017660,  diff: -3, truth: (9,-36,84,-126,126,-84,36,-9,1),
disco: [7492720066870725420811999228, 16552338829492989906389048647, 17105561666026198602074312387, 9865295937569247418137029238, 3082694262939913153439763922, 409451978125724354468531411]
task_id: 3038, seq_id:, A017662,  diff: -6, truth: (11,-55,165,-330,462,-462,330,-165,55,-11,1),
disco: [391776033960944853160233152423614101325428, 272527085966854149294170867442258629745073, 98594110717217089515889479879180399306652, 20085894201883109738090938263337884433398, 1829367928358627921794724372835149715352]
task_id: 3040, seq_id:, A017664,  diff: -7, truth: (13,-78,286,-715,1287,-1716,1716,-1287,715,-286,78,-13,1),
disco: [22171160106336438136729, 30913054081818082763765, 11158205632177238802684, 2387155854104131452099, 308941226441768630024, 18850389564449120100]
task_id: 5151, seq_id:, A035609,  diff: -10, truth: (20,-190,1140,-4845,15504,-38760,77520,-125970,167960,-184756,167960,-125970,77520,-38760,15504,-4845,1140,-190,20,-1),
disco: [188324701807652742712024991610465943552, 464920218406371076277149221854835879999, 617612774958293073927884797545482452511, 557193307584701635031734649399874573484, 365071373370546819265910052455799927916, 175898484516881360549115454673509333322, 60958242449593766473944262063792746410, 14356750109211717397386075644157165580, 2050888314494943641619263674405668940, 133791591942148189123140558478513215]
task_id: 5164, seq_id:, A035843,  diff: -8, truth: (17,-136,680,-2380,6188,-12376,19448,-24310,24310,-19448,12376,-6188,2380,-680,136,-17,1),
disco: [5801337230674754, 18194572863085979, 22860868313385226, 13659780006155622, 5270791348816656, 1401288016023606, 252306010135362, 28032229612518, 1461937001457]
task_id: 5168, seq_id:, A035847,  diff: -11, truth: (21,-210,1330,-5985,20349,-54264,116280,-203490,293930,-352716,352716,-293930,203490,-116280,54264,-20349,5985,-1330,210,-21,1),
disco: [12703590, 82744808, 4800611, 111280634, 315249, 24619641, 10486493, 2185745, 246102, 12134]
task_id: 5183, seq_id:, A035862,  diff: -28, truth: (36,-630,7140,-58905,376992,-1947792,8347680,-30260340,94143280,-254186856,600805296,-1251677700,2310789600,-3796297200,5567902560,-7307872110,8597496600,-9075135300,8597496600,-7307872110,5567902560,-3796297200,2310789600,-1251677700,600805296,-254186856,94143280,-30260340,8347680,-1947792,376992,-58905,7140,-630,36,-1),
disco: [6317981193316, 8466215459747, 18434051834584, 2652883895778, 194649251766, 8944006880, 251472211, 3389879]
task_id: 5194, seq_id:, A035873,  diff: -39, truth: (47,-1081,16215,-178365,1533939,-10737573,62891499,-314457495,1362649145,-5178066751,17417133617,-52251400851,140676848445,-341643774795,751616304549,-1503232609098,2741188875414,-4568648125690,6973199770790,-9762479679106,12551759587422,-14833897694226,16123801841550,-16123801841550,14833897694226,-12551759587422,9762479679106,-6973199770790,4568648125690,-2741188875414,1503232609098,-751616304549,341643774795,-140676848445,52251400851,-17417133617,5178066751,-1362649145,314457495,-62891499,10737573,-1533939,178365,-16215,1081,-47,1),
disco: [442582435762740, 18419571312858, 198108736291405, 16293391994229, 700813729735, 19068977823, 319965751, 2593457]
task_id: 7104, seq_id:, A042665,  diff: -65, truth: (0,0,0,0,0,0,0,0,0,0,0,0,0,0,0,0,0,0,0,0,0,0,0,0,0,0,0,0,0,0,0,0,0,0,0,0,0,0,0,716045132294624251006,0,0,0,0,0,0,0,0,0,0,0,0,0,0,0,0,0,0,0,0,0,0,0,0,0,0,0,0,0,0,0,0,0,0,0,0,0,0,0,-1),
disco: [936997059426971459364815976318402523584300501421, 503157145631267357712037610496971450735510614719, 500661357168194433876775207860415003859349159438, 253589882023016310069353425073539800060267933068, 95841180474114593741127511066568901233059528638, 20868981555813625709428691902792589155103646089, 525178114754837212442591726180206523854529754, 413409592493164515915296780416282587751477329, 264584586426526966891672467433966288886325893, 31179343766326082775549955594851271869010274, 3898986447445907726566016795122992404432173, 353156101561301558041581545644848739862954, 512463277822711043066851490146036308889226, 179497112849313156863644018056538135453100, 3094413664742184873861446635811274907679]
task_id: 8476, seq_id:, A054472,  diff: -13, truth: (21,-210,1330,-5985,20349,-54264,116280,-203490,293930,-352716,352716,-293930,203490,-116280,54264,-20349,5985,-1330,210,-21,1),
disco: [1174521003813085514877952907988822290213321029305174212740952547780459273321210384852759641, 411664015552386149140947564006347334579070320533882300275301483985811189814201735658201154, 90418917718063420062819675245843840119722439760569044398936392060082075146752424406228243, 15120693027395103200295609578245761529714839597462902344712064363868584169989405374147053, 1973141913291825263148101864367515401097343204113991827115676754045083901916104600695262, 192490644731156405907393041234450124675930732403926906648396108610822652921585711906320, 12549758319945842161714856105049321021021211168390880694337850739772978200736011943079, 409845199240433604947219577292366595393657514510876077139455180137885098412287306193]
task_id: 8818, seq_id:, A059598,  diff: -16, truth: (10, -35, 20, 195, -498, -15, 1800, -2205, -2150, 7001, -2260, -9785, 10830, 4845, -15504, 4845, 10830, -9785, -2260, 7001, -2150, -2205,1800, -15, -498, 195, 20, -35, 10, -1),
disco: [31654, 56848, 177650, 74613, 113050, 157111, 78033, 27512, 75107, 41872, 3793, 13718, 5589, 758]
task_id: 9111, seq_id:, A063653,  diff: -9, truth: (6,110,-262,-2786,5916,25168,-53907,-95299,197820,193866,-340168,-228528,279636,137864,-108909,-33736,20214,2460,-1296),
disco: [105693903458856716096539336399362264, 1221666155607782191989312955943241634, 331275118520123768686317761104853993, 648523120698700344033318363424521056, 65899788244420720502851382913623124, 89659646228960894585433836020667314, 4289776311800385063478847351231835, 3831560195720962771612698481858576, 169935044912919989027241142713901, 34113853116810916527876953027889]
task_id: 10228, seq_id:, A079995,  diff: -1, truth: (1,2,3,4,6,13,-9,-11,-7,5,-1,-11,3,9,4,-4,-1,2,-1,-1),
disco: [64, 33, 6, 98, 8, 98, 11, 178, 76, 24, 93, 38, 34, 13, 15, 3, 9, 4]
task_id: 11257, seq_id:, A092069,  diff: -23, truth: (0,1,4,0,-2,-6,-2,-2,6,7,6,-8,-8,-3,8,6,6,-3,-12,-15,0,15,12,3,-6,-6,-8,3,8,8, -6,-7,-6,2,2,6,2,0,-4,-1,0,1),
disco: [23778335898928, 29536989916638, 12295667296839, 42212682844696, 39609566579793, 7460620529802, 29299753711127, 1355042036796, 32416120860079, 2654223770744, 30077978361317, 54314989200634, 18677819381890, 21628379945304, 32186794393200, 11815686045791, 4846296019459, 6853105821794, 2506731626067]
task_id: 12385, seq_id:, A104680,  diff: -3, truth: (15,-105,455,-1365,3003,-5005,6435,-6435,5005,-3003,1365,-455,105,-15,1),
disco: [1570013397861, 9217685838641, 24484759334031, 37722693671708, 35350493450271, 17766728458714, 68045209779, 7043960037386, 5338471554170, 2055592934264, 427793455753, 38390152527]
task_id: 12466, seq_id:, A105944,  diff: -5, truth: (17,-136,680,-2380,6188,-12376,19448,-24310,24310,-19448,12376,-6188,2380,-680,136,-17,1),
disco: [1207104449, 7197988591, 21366247126, 40592927650, 53876292944, 51842529942, 36622985996, 18895277136, 6952530896, 1732988746, 262842878, 18348481]
task_id: 12478, seq_id:, A106175,  diff: -4, truth: (0,0,0,0,0,9542163854,0,0,0,0,0,-1),
disco: [192396255169803780610949563488697902853885202127239501115065913480607864, 10126101782493858726795598560167287667845896950843774905570648954688373035, 841746585051185843368028872823612306922434183156020873078145, 145407576263357064593165704943381471639736047268172680076278, 2926315982198194655821185318602456772617899945683555650538, 23475283965694353132394725810536007157028311651620335628, 20162749123305320319899480626657901494526413112964747502258432, 1061195546155130719157780788788549171357025338418078641578639867]
task_id: 12608, seq_id:, A107399,  diff: -6, truth: (17,-136,680,-2380,6188,-12376,19448,-24310,24310,-19448,12376,-6188,2380,-680,136,-17,1),
disco: [8592607573936452019536, 43033269654927691519109, 103033677136708526061204, 153849656527387421691256, 157484860368946410459246, 114786946265840762958166, 60041398394486562762433, 22166233871991751084390, 5509419003609541010154, 830182151118533770756, 57455162546727313268]
task_id: 13450, seq_id:, A118576,  diff: -7, truth: (1,0,0,0,0,0,0,0,0,0,6,-6,0,0,0,0,0,0,0,0,0,-1,1),
disco: [111442715419075203937362052024879749482864376429379, 219568214821381770567688340097657346175434087703660, 163877937480740821290542022043350964438760154200008, 27601995744237319987156440284985178908697050345281, 189167925479088976749502897971448742134159915525124, 2250337216517904292367796547315960352733706711827, 496561021520069914214476929659275792471906913408, 1400070994250715478120671297665737470428672346144, 184574715338941725755275170328872065572589483720, 255319083806120817353373913633511019198043276084, 620914231411906370496848730024692414888520826040, 20227569778121106257431872253805140957972548956189, 38302918025707841983082990676767629979487409530868, 27646951818456936741232396115121836451848426226504, 5312418438845754524024005288468575564771721224663, 32095708672684416622009748059993249547171922415136]
task_id: 13521, seq_id:, A120410,  diff: -21, truth: (29,-406,3654,-23751,118755,-475020,1560780,-4292145,10015005,-20030010,34597290,-51895935,67863915,-77558760,77558760,-67863915,51895935,-34597290,20030010,-10015005,4292145,-1560780,475020,-118755,23751,-3654,406,-29,1),
disco: [52604694965583627210345308464736, 2123828686497943576042537922878177, 665435760096254980831806070065923, 115953561161212990646688988439183, 13728540098230259168104025106383, 1123334300303474782130827533089, 58496617671898034344240742687, 1478820214661356074359270593]
task_id: 14417, seq_id:, A131676,  diff: -14, truth: (22,-231,1540,-7315,26334,-74613,170544,-319770,497420,-646646,705432,-646646,497420,-319770,170544,-74613,26334,-7315,1540,-231,22,-1),
disco: [1131105002037442175558990495468028696758880436756844667999614325351029210115900744851799803605825908665605, 342172821488916167062390434272623715193594736798562570445443870227806457074612114529398267399009488269410, 65167112404944700034804113877474013273311728009743049525787502606345365204696262945730404241917756026098, 9512549903781913009726457208835143313379754904061705824724454326205854335882582217808602569849445469674, 1092014598027568002366979724372312851798577468285440673451682658380220241551917773049937490022972282860, 94497310351087393746168927964104916311986081421208026435037279461620827766483683456091899488865359590, 5510231518555576635547780593576930852144028802352363695805151848274825411967814675673163107583790110, 162222623109938539001569999356701547059242350120800726539467787944583252236007972711376711596698190]
task_id: 15799, seq_id:, A153180,  diff: -7, truth: (233,33552,-1493064,-27372840,186135312,488605194,-488605194,-186135312,27372840,1493064,-33552,-233,1),
disco: [705640872307305069220, 79350453296756480377, 5025511483061811313, 107514212749938397, 761598799139427, 3244489331053]
task_id: 16104, seq_id:, A156713,  diff: -5, truth: (0, 0, 0, 0, 0, 0, 0, 0, 0, 0, 6, 0, 0, 0, 0, 0, 0, 0, 0, 0, 0, -1),
disco: [88604321046260, 218717996027, 41632319907148, 2048445195629, 488443988277, 120616486929304, 2643772714355, 2469493590502, 2729934139522, 2026370671968, 1425902325986, 13699380992390, 332154614929, 7153239908128, 43669098347, 314384170611, 20827364493660]
task_id: 20351, seq_id:, A190528,  diff: -4, truth: (2,1,0,-1,1),
disco: [114142249]
task_id: 21154, seq_id:, A201226,  diff: -1, truth: (6118,-1970319,33501524,-1970319,6118,-1),
disco: [4037217347059660528747, 2755886028047131570274, 149299139964082808373, 461489715055383105, 75412428595460]
task_id: 22125, seq_id:, A220983,  diff: -2, truth: (137257,-2354918349,5670354183893,-1944931485075299,95029449572634843,-651636050170246351,558545864083284007),
disco: [52489352902900117012371871, 143105678717696729032761, 58611255917691364762, 3409068625693606, 24829805799]
task_id: 23218, seq_id:, A249181,  diff: -12, truth: (100, 0, 0, 0, 0, 0, 0, 0, 0, 10000000001, -1000000000100, 0, 0, 0, 0, 0, 0, 0, 0, -10000000000, 1000000000000),
disco: [428070270792524237, 3811639056789307617, 5554105036144648926, 468343745026591998, 781008844311646, 78041929445746, 7738215920746, 701501731846, 7833372599]
task_id: 23423, seq_id:, A253711,  diff: -2, truth: (14,-91,364,-1001,2002,-3003,3432,-3003,2002,-1001,364,-91,14,-1),
disco: [57948002670549509574, 411886500680961355952, 1402528752544401692417, 2987596056881862568782, 4388718052751580690943, 4640687973655339519080, 3588112938558452214722, 2021420420540162368916, 810893605117099301532, 220099160871146232568, 36313002089991900381, 2754605933652224270]
task_id: 23859, seq_id:, A259563,  diff: -8, truth: (16,-120,560,-1820,4368,-8008,11440,-12870,11440,-8008,4368,-1820,560,-120,16,-1),
disco: [101367286509138006272352003113459538197066905131471233195070489, 74182644994362210790875195803516251204404483129228329660629446, 35885625581994917749775772193396237921448431863241572893634902, 13041596059111822225704475540600435676146808173374834811893294, 3575817005820933654688833694981295850748701652812211033717960, 702256277527646150865190137428078761579087025818888623124754, 88106167529178667010867621391315108266028922744025655844426, 5298529360631628905819152126789518792141679145397314934522]
task_id: 23943, seq_id:, A261484,  diff: -1, truth: (14,-70,231,-973,2800,-5291,17289,-28574,30709,-127043,26684,-91944,352921,496104,584696,276192,-496944,-518400,-518400),
disco: [518400, 1036800, 1533744, 1257552, 672856, 176752, 176169, 84225, 110909, 16134, 14575, 13999, 3290, 2001, 799, 174, 57, 13]
task_id: 24164, seq_id:, A266667,  diff: -1, truth: (-10,10001,100010,-10000,-100000),
disco: [100000, 110000, 9990, 11]
task_id: 24165, seq_id:, A266668,  diff: -1, truth: (-2,17,34,-16,-32),
disco: [32, 48, 14, 3]
task_id: 24815, seq_id:, A279283,  diff: -2, truth: (20,-174,876,-2885,6708,-11612,15476,-16206,13468,-8894,4632,-1868,564,-120,16,-1),
disco: [510598, 4592729, 15071839, 34367959, 53719587, 71588133, 82172904, 91162313, 84833557, 62402486, 30748047, 8907380, 1354812, 83358]
task_id: 25124, seq_id:, A288917,  diff: -13, truth: (0,3,2,-1,-5,-6,-1,6,11,6,-4,-10,-10,-4,6,11,6,-1,-6,-5,-1,2,3,0,-1),
disco: [24949208415239613054757617, 114611678065224410564071727, 19485196026222320304603278, 565299242744505157291643130, 503355660703027349600264997, 578221008354741135641409842, 875065862380816601030289555, 117305766158485034040164283, 565825884543533691872785565, 118061525758419037685510683, 131230709770601826985523525, 50564127439165366538963575]
task_id: 26341, seq_id:, A318270,  diff: -3, truth: (11, -49, 105, -75, -123, 278, -82, -250, 210, 90, -150, -5, 55, -5, -11, 1, 1),
disco: [23379034012282851, 42972042195969091, 257663037841121173, 264838818302940036, 130668273615015144, 402016993571036544, 163895224724515170, 172247805742831774, 190718931579890338, 37129727201553276, 38457824261212128, 27425550591265320, 7196950211694339, 712749155238761]
task_id: 26908, seq_id:, A341545,  diff: -7, truth: (77, -2002, 24596, -165165, 653835, -1598883, 2483481, -2483481, 1598883, -653835, 165165, -24596, 2002, -77, 1),
disco: [303332178440408379430, 1488779054406436848290, 1724336065351947431971, 806090884251024008510, 173746434978194445850, 17685769513341427710, 772748767085798100, 10686864553573020]
task_id: 27140, seq_id:, A351770,  diff: -2, truth: (13,-78,286,-715,1287,-1716,1716,-1287,715,-286,78,-13,1),
disco: [73318985920512698030996390162398, 511826976168121986722922310007585, 1692690493476589984533159896296824, 3449759256846406555259200494815533, 4757493797611344413680343639761940, 4610831015154901974079643227996498, 3166226691992092757724060313942376, 1516019328767310940386026719076434, 483126881774157425272970274923198, 92343835134893262175221815706125, 8025817102443136100003841981040]
task_id: 27142, seq_id:, A351805,  diff: -2, truth: (13,-78,286,-715,1287,-1716,1716,-1287,715,-286,78,-13,1),
disco: [7889823381499045933044907560057, 52812226704926449482385717504263, 169283625772155555744262773898619, 336824544822582804223030049491925, 455801109114339147820317463754986, 435060789257334263764766143367702, 295030576073127675638636940712294, 139791654050307171811323614035514, 44155552667749139610587723637805, 8375865558577545323243670162131, 723186553571164943991120856975]
task_id: 27152, seq_id:, A352591,  diff: -11, truth: (15, 361, -200, -17183, 6963, 320541, -363476, -2096695, 2659007, 6914929, -7710612, -13172634, 10195340, 14247416, -5770992, -7493472, 1420800, 1734912, -133632, -138240),
disco: [9767723284938117511980959925286789199005576744, 4273707368954493853628200647467817077445063560, 3872754105386591164935230475277083697013232259, 460572958861420989166642990322468832419545750, 233291681463359089644775081494731510850077712, 23325558671253437879880056080733810023186850, 3181678827871267920278036107484756111110021, 231704781598345672278923631735466807766666, 11279952625034534972600830468228334560386]
task_id: 27165, seq_id:, A352980,  diff: -2, truth: (13,-78,286,-715,1287,-1716,1716,-1287,715,-286,78,-13,1),
disco: [801389904200448429205460109909206037809, 5233198945433931988659706635684231158076, 16477648885095133918669964296873698495610, 32350384647707675997903477181787873645025, 43327922741172397125964838200684805115390, 41019334280194394229560936483135433948768, 27632901813329256868510361914715478846852, 13021610825578881843227535833687965689510, 4094275397808640253994086612946459782025, 773622612627411271101934071365404886540, 66572537032075650636943065843700350234]
