fail: []
A026471 [1, 2, 3, 4, 5, 13, 14, 15, 25, 26, 27, 37, 38, 48, 49, 50, 60, 61, 71, 72]
A026471 [1, 2, 3, 4, 5, 13, 14, 15, 25, 26, 27, 37, 38, 48, 49, 50, 60, 61, 71, 72]
True
A354343 [1, 6, 19, 37, 61, 91, 127, 169, 217, 271, 331, 397, 469, 547, 631, 721, 817, 919, 1027, 1141]
A354343 [1, 6, 19, 37, 61, 91, 127, 169, 217, 271, 331, 397, 469, 547, 631, 721, 817, 919, 1027, 1141]
True
A122695 [0, 0, 1, 5, 20, 71, 236, 755, 2360, 7271, 22196, 67355, 203600, 613871, 1847756, 5555555, 16691240, 50122871, 150466916, 451597355]
A122695 [0, 0, 1, 5, 20, 71, 236, 755, 2360, 7271, 22196, 67355, 203600, 613871, 1847756, 5555555, 16691240, 50122871, 150466916, 451597355]
True
A183120 [0, 1, 3, 7, 19, 55, 159, 471, 1403, 4199, 12583, 37735, 113187, 339543, 1018607, 3055799, 9167371, 27502087, 82506231, 247518663]
A183120 [0, 1, 3, 7, 19, 55, 159, 471, 1403, 4199, 12583, 37735, 113187, 339543, 1018607, 3055799, 9167371, 27502087, 82506231, 247518663]
True
oeis_friendly: 50
0 []
[]
