
Preprocessing sees only first 10 terms.
Sindy threshold: 0.1
Default setting for how many terms should sindy see: 10
Sindy will use max_order: 5
[(1, 6, 0.0, 0), (1, 6, 0.1, 0), (1, 6, 0.2, 0), (1, 6, 0.30000000000000004, 0), (1, 6, 0.4, 0), (1, 6, 0.5, 0), (1, 6, 0.6000000000000001, 0), (1, 6, 0.7000000000000001, 0), (1, 6, 0.8, 0), (1, 6, 0.9, 0), (1, 7, 0.0, 0), (1, 7, 0.1, 0), (1, 7, 0.2, 0), (1, 7, 0.30000000000000004, 0), (1, 7, 0.4, 0), (1, 7, 0.5, 0), (1, 7, 0.6000000000000001, 0), (1, 7, 0.7000000000000001, 0), (1, 7, 0.8, 0), (1, 7, 0.9, 0), (1, 8, 0.0, 0), (1, 8, 0.1, 0), (1, 8, 0.2, 0), (1, 8, 0.30000000000000004, 0), (1, 8, 0.4, 0), (1, 8, 0.5, 0), (1, 8, 0.6000000000000001, 0), (1, 8, 0.7000000000000001, 0), (1, 8, 0.8, 0), (1, 8, 0.9, 0), (1, 9, 0.0, 0), (1, 9, 0.1, 0), (1, 9, 0.2, 0), (1, 9, 0.30000000000000004, 0), (1, 9, 0.4, 0), (1, 9, 0.5, 0), (1, 9, 0.6000000000000001, 0), (1, 9, 0.7000000000000001, 0), (1, 9, 0.8, 0), (1, 9, 0.9, 0), (2, 7, 0.0, 0), (2, 7, 0.1, 0), (2, 7, 0.2, 0), (2, 7, 0.30000000000000004, 0), (2, 7, 0.4, 0), (2, 7, 0.5, 0), (2, 7, 0.6000000000000001, 0), (2, 7, 0.7000000000000001, 0), (2, 7, 0.8, 0), (2, 7, 0.9, 0), (2, 8, 0.0, 0), (2, 8, 0.1, 0), (2, 8, 0.2, 0), (2, 8, 0.30000000000000004, 0), (2, 8, 0.4, 0), (2, 8, 0.5, 0), (2, 8, 0.6000000000000001, 0), (2, 8, 0.7000000000000001, 0), (2, 8, 0.8, 0), (2, 8, 0.9, 0), (2, 9, 0.0, 0), (2, 9, 0.1, 0), (2, 9, 0.2, 0), (2, 9, 0.30000000000000004, 0), (2, 9, 0.4, 0), (2, 9, 0.5, 0), (2, 9, 0.6000000000000001, 0), (2, 9, 0.7000000000000001, 0), (2, 9, 0.8, 0), (2, 9, 0.9, 0), (3, 8, 0.0, 0), (3, 8, 0.1, 0), (3, 8, 0.2, 0), (3, 8, 0.30000000000000004, 0), (3, 8, 0.4, 0), (3, 8, 0.5, 0), (3, 8, 0.6000000000000001, 0), (3, 8, 0.7000000000000001, 0), (3, 8, 0.8, 0), (3, 8, 0.9, 0), (3, 9, 0.0, 0), (3, 9, 0.1, 0), (3, 9, 0.2, 0), (3, 9, 0.30000000000000004, 0), (3, 9, 0.4, 0), (3, 9, 0.5, 0), (3, 9, 0.6000000000000001, 0), (3, 9, 0.7000000000000001, 0), (3, 9, 0.8, 0), (3, 9, 0.9, 0), (4, 9, 0.0, 0), (4, 9, 0.1, 0), (4, 9, 0.2, 0), (4, 9, 0.30000000000000004, 0), (4, 9, 0.4, 0), (4, 9, 0.5, 0), (4, 9, 0.6000000000000001, 0), (4, 9, 0.7000000000000001, 0), (4, 9, 0.8, 0), (4, 9, 0.9, 0), (1, 10, 0.0, 1), (1, 10, 0.0, 2), (1, 10, 0.1, 1), (1, 10, 0.1, 2), (1, 10, 0.2, 1), (1, 10, 0.2, 2), (1, 10, 0.30000000000000004, 1), (1, 10, 0.30000000000000004, 2), (1, 10, 0.4, 1), (1, 10, 0.4, 2), (1, 10, 0.5, 1), (1, 10, 0.5, 2), (1, 10, 0.6000000000000001, 1), (1, 10, 0.6000000000000001, 2), (1, 10, 0.7000000000000001, 1), (1, 10, 0.7000000000000001, 2), (1, 10, 0.8, 1), (1, 10, 0.8, 2), (1, 10, 0.9, 1), (1, 10, 0.9, 2), (2, 10, 0.0, 1), (2, 10, 0.0, 2), (2, 10, 0.1, 1), (2, 10, 0.1, 2), (2, 10, 0.2, 1), (2, 10, 0.2, 2), (2, 10, 0.30000000000000004, 1), (2, 10, 0.30000000000000004, 2), (2, 10, 0.4, 1), (2, 10, 0.4, 2), (2, 10, 0.5, 1), (2, 10, 0.5, 2), (2, 10, 0.6000000000000001, 1), (2, 10, 0.6000000000000001, 2), (2, 10, 0.7000000000000001, 1), (2, 10, 0.7000000000000001, 2), (2, 10, 0.8, 1), (2, 10, 0.8, 2), (2, 10, 0.9, 1), (2, 10, 0.9, 2), (3, 10, 0.0, 1), (3, 10, 0.0, 2), (3, 10, 0.1, 1), (3, 10, 0.1, 2), (3, 10, 0.2, 1), (3, 10, 0.2, 2), (3, 10, 0.30000000000000004, 1), (3, 10, 0.30000000000000004, 2), (3, 10, 0.4, 1), (3, 10, 0.4, 2), (3, 10, 0.5, 1), (3, 10, 0.5, 2), (3, 10, 0.6000000000000001, 1), (3, 10, 0.6000000000000001, 2), (3, 10, 0.7000000000000001, 1), (3, 10, 0.7000000000000001, 2), (3, 10, 0.8, 1), (3, 10, 0.8, 2), (3, 10, 0.9, 1), (3, 10, 0.9, 2), (4, 10, 0.0, 1), (4, 10, 0.0, 2), (4, 10, 0.1, 1), (4, 10, 0.1, 2), (4, 10, 0.2, 1), (4, 10, 0.2, 2), (4, 10, 0.30000000000000004, 1), (4, 10, 0.30000000000000004, 2), (4, 10, 0.4, 1), (4, 10, 0.4, 2), (4, 10, 0.5, 1), (4, 10, 0.5, 2), (4, 10, 0.6000000000000001, 1), (4, 10, 0.6000000000000001, 2), (4, 10, 0.7000000000000001, 1), (4, 10, 0.7000000000000001, 2), (4, 10, 0.8, 1), (4, 10, 0.8, 2), (4, 10, 0.9, 1), (4, 10, 0.9, 2), (5, 10, 0.0, 1), (5, 10, 0.0, 2), (5, 10, 0.1, 1), (5, 10, 0.1, 2), (5, 10, 0.2, 1), (5, 10, 0.2, 2), (5, 10, 0.30000000000000004, 1), (5, 10, 0.30000000000000004, 2), (5, 10, 0.4, 1), (5, 10, 0.4, 2), (5, 10, 0.5, 1), (5, 10, 0.5, 2), (5, 10, 0.6000000000000001, 1), (5, 10, 0.6000000000000001, 2), (5, 10, 0.7000000000000001, 1), (5, 10, 0.7000000000000001, 2), (5, 10, 0.8, 1), (5, 10, 0.8, 2), (5, 10, 0.9, 1), (5, 10, 0.9, 2)]
, (1, 6, 0.0, 0, False, False), (1, 6, 0.1, 0, False, False), (1, 6, 0.2, 0, False, False), (1, 6, 0.30000000000000004, 0, False, False), (1, 6, 0.4, 0, False, False), 
, (1, 6, 0.5, 0, False, False), (1, 6, 0.6000000000000001, 0, False, False), (1, 6, 0.7000000000000001, 0, False, False), (1, 6, 0.8, 0, False, False), (1, 6, 0.9, 0, False, False), 
, (1, 7, 0.0, 0, False, False), (1, 7, 0.1, 0, False, False), (1, 7, 0.2, 0, False, False), (1, 7, 0.30000000000000004, 0, False, False), (1, 7, 0.4, 0, False, False), 
, (1, 7, 0.5, 0, False, False), (1, 7, 0.6000000000000001, 0, False, False), (1, 7, 0.7000000000000001, 0, False, False), (1, 7, 0.8, 0, False, False), (1, 7, 0.9, 0, False, False), 
, (1, 8, 0.0, 0, False, False), (1, 8, 0.1, 0, False, False), (1, 8, 0.2, 0, False, False), (1, 8, 0.30000000000000004, 0, False, False), (1, 8, 0.4, 0, False, False), 
, (1, 8, 0.5, 0, False, False), (1, 8, 0.6000000000000001, 0, False, False), (1, 8, 0.7000000000000001, 0, False, False), (1, 8, 0.8, 0, False, False), (1, 8, 0.9, 0, False, False), 
, (1, 9, 0.0, 0, False, False), (1, 9, 0.1, 0, False, False), (1, 9, 0.2, 0, False, False), (1, 9, 0.30000000000000004, 0, False, False), (1, 9, 0.4, 0, False, False), 
, (1, 9, 0.5, 0, False, False), (1, 9, 0.6000000000000001, 0, False, False), (1, 9, 0.7000000000000001, 0, False, False), (1, 9, 0.8, 0, False, False), (1, 9, 0.9, 0, False, False), 
, (2, 7, 0.0, 0, False, False), (2, 7, 0.1, 0, False, False), (2, 7, 0.2, 0, False, False), (2, 7, 0.30000000000000004, 0, False, False), (2, 7, 0.4, 0, False, False), 
, (2, 7, 0.5, 0, False, False), (2, 7, 0.6000000000000001, 0, False, False), (2, 7, 0.7000000000000001, 0, False, False), (2, 7, 0.8, 0, False, False), (2, 7, 0.9, 0, False, False), 
, (2, 8, 0.0, 0, False, False), (2, 8, 0.1, 0, False, False), (2, 8, 0.2, 0, False, False), (2, 8, 0.30000000000000004, 0, False, False), (2, 8, 0.4, 0, False, False), 
, (2, 8, 0.5, 0, False, False), (2, 8, 0.6000000000000001, 0, False, False), (2, 8, 0.7000000000000001, 0, False, False), (2, 8, 0.8, 0, False, False), (2, 8, 0.9, 0, False, False), 
, (2, 9, 0.0, 0, False, False), (2, 9, 0.1, 0, False, False), (2, 9, 0.2, 0, False, False), (2, 9, 0.30000000000000004, 0, False, False), (2, 9, 0.4, 0, False, False), 
, (2, 9, 0.5, 0, False, False), (2, 9, 0.6000000000000001, 0, False, False), (2, 9, 0.7000000000000001, 0, False, False), (2, 9, 0.8, 0, False, False), (2, 9, 0.9, 0, False, False), 
, (3, 8, 0.0, 0, False, False), (3, 8, 0.1, 0, False, False), (3, 8, 0.2, 0, False, False), (3, 8, 0.30000000000000004, 0, False, False), (3, 8, 0.4, 0, False, False), 
, (3, 8, 0.5, 0, False, False), (3, 8, 0.6000000000000001, 0, False, False), (3, 8, 0.7000000000000001, 0, False, False), (3, 8, 0.8, 0, False, False), (3, 8, 0.9, 0, False, False), 
, (3, 9, 0.0, 0, False, False), (3, 9, 0.1, 0, False, False), (3, 9, 0.2, 0, False, False), (3, 9, 0.30000000000000004, 0, False, False), (3, 9, 0.4, 0, False, False), 
, (3, 9, 0.5, 0, False, False), (3, 9, 0.6000000000000001, 0, False, False), (3, 9, 0.7000000000000001, 0, False, False), (3, 9, 0.8, 0, False, False), (3, 9, 0.9, 0, False, False), 
, (4, 9, 0.0, 0, False, False), (4, 9, 0.1, 0, False, False), (4, 9, 0.2, 0, False, False), (4, 9, 0.30000000000000004, 0, False, False), (4, 9, 0.4, 0, False, False), 
, (4, 9, 0.5, 0, False, False), (4, 9, 0.6000000000000001, 0, False, False), (4, 9, 0.7000000000000001, 0, False, False), (4, 9, 0.8, 0, False, False), (4, 9, 0.9, 0, False, False), 
, (1, 10, 0.0, 1, False, False), (1, 10, 0.0, 2, False, False), (1, 10, 0.1, 1, False, False), (1, 10, 0.1, 2, False, False), (1, 10, 0.2, 1, False, False), 
, (1, 10, 0.2, 2, False, False), (1, 10, 0.30000000000000004, 1, False, False), (1, 10, 0.30000000000000004, 2, False, False), (1, 10, 0.4, 1, False, False), (1, 10, 0.4, 2, False, False), 
, (1, 10, 0.5, 1, False, False), (1, 10, 0.5, 2, False, False), (1, 10, 0.6000000000000001, 1, False, False), (1, 10, 0.6000000000000001, 2, False, False), (1, 10, 0.7000000000000001, 1, False, False), 
, (1, 10, 0.7000000000000001, 2, False, False), (1, 10, 0.8, 1, False, False), (1, 10, 0.8, 2, False, False), (1, 10, 0.9, 1, False, False), (1, 10, 0.9, 2, False, False), 
, (2, 10, 0.0, 1, False, False), (2, 10, 0.0, 2, False, False), (2, 10, 0.1, 1, False, False), (2, 10, 0.1, 2, False, False), (2, 10, 0.2, 1, False, False), 
, (2, 10, 0.2, 2, False, False), (2, 10, 0.30000000000000004, 1, False, False), (2, 10, 0.30000000000000004, 2, False, False), (2, 10, 0.4, 1, False, False), (2, 10, 0.4, 2, False, False), 
, (2, 10, 0.5, 1, False, False), (2, 10, 0.5, 2, False, False), (2, 10, 0.6000000000000001, 1, False, False), (2, 10, 0.6000000000000001, 2, False, False), (2, 10, 0.7000000000000001, 1, False, False), 
, (2, 10, 0.7000000000000001, 2, False, False), (2, 10, 0.8, 1, False, False), (2, 10, 0.8, 2, False, False), (2, 10, 0.9, 1, False, False), (2, 10, 0.9, 2, False, False), 
, (3, 10, 0.0, 1, False, False), (3, 10, 0.0, 2, False, False), (3, 10, 0.1, 1, False, False), (3, 10, 0.1, 2, False, False), (3, 10, 0.2, 1, False, False), 
, (3, 10, 0.2, 2, False, False), (3, 10, 0.30000000000000004, 1, False, False), (3, 10, 0.30000000000000004, 2, False, False), (3, 10, 0.4, 1, False, False), (3, 10, 0.4, 2, False, False), 
, (3, 10, 0.5, 1, False, False), (3, 10, 0.5, 2, False, False), (3, 10, 0.6000000000000001, 1, False, False), (3, 10, 0.6000000000000001, 2, False, False), (3, 10, 0.7000000000000001, 1, False, False), 
, (3, 10, 0.7000000000000001, 2, False, False), (3, 10, 0.8, 1, False, False), (3, 10, 0.8, 2, False, False), (3, 10, 0.9, 1, False, False), (3, 10, 0.9, 2, False, False), 
, (4, 10, 0.0, 1, False, False), (4, 10, 0.0, 2, False, False), (4, 10, 0.1, 1, False, False), (4, 10, 0.1, 2, False, False), (4, 10, 0.2, 1, False, False), 
, (4, 10, 0.2, 2, False, False), (4, 10, 0.30000000000000004, 1, False, False), (4, 10, 0.30000000000000004, 2, False, False), (4, 10, 0.4, 1, False, False), (4, 10, 0.4, 2, False, False), 
, (4, 10, 0.5, 1, False, False), (4, 10, 0.5, 2, False, False), (4, 10, 0.6000000000000001, 1, False, False), (4, 10, 0.6000000000000001, 2, False, False), (4, 10, 0.7000000000000001, 1, False, False), 
, (4, 10, 0.7000000000000001, 2, False, False), (4, 10, 0.8, 1, False, False), (4, 10, 0.8, 2, False, False), (4, 10, 0.9, 1, False, False), (4, 10, 0.9, 2, False, False), 
, (5, 10, 0.0, 1, False, False), (5, 10, 0.0, 2, False, False), (5, 10, 0.1, 1, False, False), (5, 10, 0.1, 2, False, False), (5, 10, 0.2, 1, False, False), 
, (5, 10, 0.2, 2, False, False), (5, 10, 0.30000000000000004, 1, False, False), (5, 10, 0.30000000000000004, 2, False, False), (5, 10, 0.4, 1, False, False), (5, 10, 0.4, 2, False, False), 
, (5, 10, 0.5, 1, False, False), (5, 10, 0.5, 2, False, False), (5, 10, 0.6000000000000001, 1, False, False), (5, 10, 0.6000000000000001, 2, False, False), (5, 10, 0.7000000000000001, 1, False, False), 
, (5, 10, 0.7000000000000001, 2, False, False), (5, 10, 0.8, 1, False, False), (5, 10, 0.8, 2, False, False), (5, 10, 0.9, 1, False, False), (5, 10, 0.9, 2, False, False), 
, 

number of all configurations: 200
number of fully (true, true) successful configurations: 0
number of partially only (false, true) successful configurations: 0
number of total fail (false, false) configurations: 200


avg sindy: 
a(n) = 16390*a(n - 5) + 5017*a(n - 4) + 762*a(n - 3) + 297*a(n - 2) + 26*a(n - 1)
False  -  checked avg against website ground truth.     
False  -  "manual" check avg if equation is correct.    
While total time consumed by now, scale:521/34371, seq_id:A003742, order:20 took:
 263.2 seconds, i.e. 4.39 minutes or 0.073 hours.

A003742: 
a(n) = NOT RECONSTRUCTED :-(
truth: 
a(n) = 26*a(n - 1) + 396*a(n - 2) + -707*a(n - 3) + -6539*a(n - 4) + 7239*a(n - 5) + -405*a(n - 6),  
a(0) = 6, a(1) = 327, a(2) = 11040, a(3) = 406731, a(4) = 14683587, a(5) = 532938234

False  -  checked against website ground truth.     
False  -  "manual" check if equation is correct.    
