
Preprocessing sees only first 10 terms.
Sindy threshold: 0.1
Default setting for how many terms should sindy see: 10
Sindy will use max_order: 5
[(1, 6, 0.0, 0), (1, 6, 0.1, 0), (1, 6, 0.2, 0), (1, 6, 0.30000000000000004, 0), (1, 6, 0.4, 0), (1, 6, 0.5, 0), (1, 6, 0.6000000000000001, 0), (1, 6, 0.7000000000000001, 0), (1, 6, 0.8, 0), (1, 6, 0.9, 0), (1, 7, 0.0, 0), (1, 7, 0.1, 0), (1, 7, 0.2, 0), (1, 7, 0.30000000000000004, 0), (1, 7, 0.4, 0), (1, 7, 0.5, 0), (1, 7, 0.6000000000000001, 0), (1, 7, 0.7000000000000001, 0), (1, 7, 0.8, 0), (1, 7, 0.9, 0), (1, 8, 0.0, 0), (1, 8, 0.1, 0), (1, 8, 0.2, 0), (1, 8, 0.30000000000000004, 0), (1, 8, 0.4, 0), (1, 8, 0.5, 0), (1, 8, 0.6000000000000001, 0), (1, 8, 0.7000000000000001, 0), (1, 8, 0.8, 0), (1, 8, 0.9, 0), (1, 9, 0.0, 0), (1, 9, 0.1, 0), (1, 9, 0.2, 0), (1, 9, 0.30000000000000004, 0), (1, 9, 0.4, 0), (1, 9, 0.5, 0), (1, 9, 0.6000000000000001, 0), (1, 9, 0.7000000000000001, 0), (1, 9, 0.8, 0), (1, 9, 0.9, 0), (2, 7, 0.0, 0), (2, 7, 0.1, 0), (2, 7, 0.2, 0), (2, 7, 0.30000000000000004, 0), (2, 7, 0.4, 0), (2, 7, 0.5, 0), (2, 7, 0.6000000000000001, 0), (2, 7, 0.7000000000000001, 0), (2, 7, 0.8, 0), (2, 7, 0.9, 0), (2, 8, 0.0, 0), (2, 8, 0.1, 0), (2, 8, 0.2, 0), (2, 8, 0.30000000000000004, 0), (2, 8, 0.4, 0), (2, 8, 0.5, 0), (2, 8, 0.6000000000000001, 0), (2, 8, 0.7000000000000001, 0), (2, 8, 0.8, 0), (2, 8, 0.9, 0), (2, 9, 0.0, 0), (2, 9, 0.1, 0), (2, 9, 0.2, 0), (2, 9, 0.30000000000000004, 0), (2, 9, 0.4, 0), (2, 9, 0.5, 0), (2, 9, 0.6000000000000001, 0), (2, 9, 0.7000000000000001, 0), (2, 9, 0.8, 0), (2, 9, 0.9, 0), (3, 8, 0.0, 0), (3, 8, 0.1, 0), (3, 8, 0.2, 0), (3, 8, 0.30000000000000004, 0), (3, 8, 0.4, 0), (3, 8, 0.5, 0), (3, 8, 0.6000000000000001, 0), (3, 8, 0.7000000000000001, 0), (3, 8, 0.8, 0), (3, 8, 0.9, 0), (3, 9, 0.0, 0), (3, 9, 0.1, 0), (3, 9, 0.2, 0), (3, 9, 0.30000000000000004, 0), (3, 9, 0.4, 0), (3, 9, 0.5, 0), (3, 9, 0.6000000000000001, 0), (3, 9, 0.7000000000000001, 0), (3, 9, 0.8, 0), (3, 9, 0.9, 0), (4, 9, 0.0, 0), (4, 9, 0.1, 0), (4, 9, 0.2, 0), (4, 9, 0.30000000000000004, 0), (4, 9, 0.4, 0), (4, 9, 0.5, 0), (4, 9, 0.6000000000000001, 0), (4, 9, 0.7000000000000001, 0), (4, 9, 0.8, 0), (4, 9, 0.9, 0), (1, 10, 0.0, 1), (1, 10, 0.0, 2), (1, 10, 0.1, 1), (1, 10, 0.1, 2), (1, 10, 0.2, 1), (1, 10, 0.2, 2), (1, 10, 0.30000000000000004, 1), (1, 10, 0.30000000000000004, 2), (1, 10, 0.4, 1), (1, 10, 0.4, 2), (1, 10, 0.5, 1), (1, 10, 0.5, 2), (1, 10, 0.6000000000000001, 1), (1, 10, 0.6000000000000001, 2), (1, 10, 0.7000000000000001, 1), (1, 10, 0.7000000000000001, 2), (1, 10, 0.8, 1), (1, 10, 0.8, 2), (1, 10, 0.9, 1), (1, 10, 0.9, 2), (2, 10, 0.0, 1), (2, 10, 0.0, 2), (2, 10, 0.1, 1), (2, 10, 0.1, 2), (2, 10, 0.2, 1), (2, 10, 0.2, 2), (2, 10, 0.30000000000000004, 1), (2, 10, 0.30000000000000004, 2), (2, 10, 0.4, 1), (2, 10, 0.4, 2), (2, 10, 0.5, 1), (2, 10, 0.5, 2), (2, 10, 0.6000000000000001, 1), (2, 10, 0.6000000000000001, 2), (2, 10, 0.7000000000000001, 1), (2, 10, 0.7000000000000001, 2), (2, 10, 0.8, 1), (2, 10, 0.8, 2), (2, 10, 0.9, 1), (2, 10, 0.9, 2), (3, 10, 0.0, 1), (3, 10, 0.0, 2), (3, 10, 0.1, 1), (3, 10, 0.1, 2), (3, 10, 0.2, 1), (3, 10, 0.2, 2), (3, 10, 0.30000000000000004, 1), (3, 10, 0.30000000000000004, 2), (3, 10, 0.4, 1), (3, 10, 0.4, 2), (3, 10, 0.5, 1), (3, 10, 0.5, 2), (3, 10, 0.6000000000000001, 1), (3, 10, 0.6000000000000001, 2), (3, 10, 0.7000000000000001, 1), (3, 10, 0.7000000000000001, 2), (3, 10, 0.8, 1), (3, 10, 0.8, 2), (3, 10, 0.9, 1), (3, 10, 0.9, 2), (4, 10, 0.0, 1), (4, 10, 0.0, 2), (4, 10, 0.1, 1), (4, 10, 0.1, 2), (4, 10, 0.2, 1), (4, 10, 0.2, 2), (4, 10, 0.30000000000000004, 1), (4, 10, 0.30000000000000004, 2), (4, 10, 0.4, 1), (4, 10, 0.4, 2), (4, 10, 0.5, 1), (4, 10, 0.5, 2), (4, 10, 0.6000000000000001, 1), (4, 10, 0.6000000000000001, 2), (4, 10, 0.7000000000000001, 1), (4, 10, 0.7000000000000001, 2), (4, 10, 0.8, 1), (4, 10, 0.8, 2), (4, 10, 0.9, 1), (4, 10, 0.9, 2), (5, 10, 0.0, 1), (5, 10, 0.0, 2), (5, 10, 0.1, 1), (5, 10, 0.1, 2), (5, 10, 0.2, 1), (5, 10, 0.2, 2), (5, 10, 0.30000000000000004, 1), (5, 10, 0.30000000000000004, 2), (5, 10, 0.4, 1), (5, 10, 0.4, 2), (5, 10, 0.5, 1), (5, 10, 0.5, 2), (5, 10, 0.6000000000000001, 1), (5, 10, 0.6000000000000001, 2), (5, 10, 0.7000000000000001, 1), (5, 10, 0.7000000000000001, 2), (5, 10, 0.8, 1), (5, 10, 0.8, 2), (5, 10, 0.9, 1), (5, 10, 0.9, 2)]
, (1, 6, 0.0, 0, True, True), (1, 6, 0.1, 0, True, True), (1, 6, 0.2, 0, True, True), (1, 6, 0.30000000000000004, 0, True, True), (1, 6, 0.4, 0, True, True), 
, (1, 6, 0.5, 0, True, True), (1, 6, 0.6000000000000001, 0, True, True), (1, 6, 0.7000000000000001, 0, True, True), (1, 6, 0.8, 0, True, True), (1, 6, 0.9, 0, True, True), 
, (1, 7, 0.0, 0, True, True), (1, 7, 0.1, 0, True, True), (1, 7, 0.2, 0, True, True), (1, 7, 0.30000000000000004, 0, True, True), (1, 7, 0.4, 0, True, True), 
, (1, 7, 0.5, 0, True, True), (1, 7, 0.6000000000000001, 0, True, True), (1, 7, 0.7000000000000001, 0, True, True), (1, 7, 0.8, 0, True, True), (1, 7, 0.9, 0, True, True), 
, (1, 8, 0.0, 0, True, True), (1, 8, 0.1, 0, True, True), (1, 8, 0.2, 0, True, True), (1, 8, 0.30000000000000004, 0, True, True), (1, 8, 0.4, 0, True, True), 
, (1, 8, 0.5, 0, True, True), (1, 8, 0.6000000000000001, 0, True, True), (1, 8, 0.7000000000000001, 0, True, True), (1, 8, 0.8, 0, True, True), (1, 8, 0.9, 0, True, True), 
, (1, 9, 0.0, 0, True, True), (1, 9, 0.1, 0, True, True), (1, 9, 0.2, 0, True, True), (1, 9, 0.30000000000000004, 0, True, True), (1, 9, 0.4, 0, True, True), 
, (1, 9, 0.5, 0, True, True), (1, 9, 0.6000000000000001, 0, True, True), (1, 9, 0.7000000000000001, 0, True, True), (1, 9, 0.8, 0, True, True), (1, 9, 0.9, 0, True, True), 
, (2, 7, 0.0, 0, False, False), (2, 7, 0.1, 0, True, True), (2, 7, 0.2, 0, True, True), (2, 7, 0.30000000000000004, 0, True, True), (2, 7, 0.4, 0, True, True), 
, (2, 7, 0.5, 0, True, True), (2, 7, 0.6000000000000001, 0, True, True), (2, 7, 0.7000000000000001, 0, True, True), (2, 7, 0.8, 0, True, True), (2, 7, 0.9, 0, True, True), 
, (2, 8, 0.0, 0, False, False), (2, 8, 0.1, 0, False, False), (2, 8, 0.2, 0, False, False), (2, 8, 0.30000000000000004, 0, False, False), (2, 8, 0.4, 0, False, False), 
, (2, 8, 0.5, 0, False, False), (2, 8, 0.6000000000000001, 0, False, False), (2, 8, 0.7000000000000001, 0, False, False), (2, 8, 0.8, 0, False, False), (2, 8, 0.9, 0, False, False), 
, (2, 9, 0.0, 0, False, False), (2, 9, 0.1, 0, False, False), (2, 9, 0.2, 0, False, False), (2, 9, 0.30000000000000004, 0, False, False), (2, 9, 0.4, 0, False, False), 
, (2, 9, 0.5, 0, False, False), (2, 9, 0.6000000000000001, 0, False, False), (2, 9, 0.7000000000000001, 0, False, False), (2, 9, 0.8, 0, False, False), (2, 9, 0.9, 0, False, False), 
, (3, 8, 0.0, 0, False, True), (3, 8, 0.1, 0, False, True), (3, 8, 0.2, 0, False, True), (3, 8, 0.30000000000000004, 0, False, True), (3, 8, 0.4, 0, False, True), 
, (3, 8, 0.5, 0, False, True), (3, 8, 0.6000000000000001, 0, False, True), (3, 8, 0.7000000000000001, 0, False, True), (3, 8, 0.8, 0, False, True), (3, 8, 0.9, 0, False, True), 
, (3, 9, 0.0, 0, False, False), (3, 9, 0.1, 0, False, False), (3, 9, 0.2, 0, False, False), (3, 9, 0.30000000000000004, 0, False, False), (3, 9, 0.4, 0, False, False), 
, (3, 9, 0.5, 0, False, False), (3, 9, 0.6000000000000001, 0, False, False), (3, 9, 0.7000000000000001, 0, False, False), (3, 9, 0.8, 0, False, False), (3, 9, 0.9, 0, False, False), 
, (4, 9, 0.0, 0, False, False), (4, 9, 0.1, 0, False, False), (4, 9, 0.2, 0, False, False), (4, 9, 0.30000000000000004, 0, False, False), (4, 9, 0.4, 0, False, False), 
, (4, 9, 0.5, 0, False, False), (4, 9, 0.6000000000000001, 0, False, False), (4, 9, 0.7000000000000001, 0, False, False), (4, 9, 0.8, 0, False, False), (4, 9, 0.9, 0, False, False), 
, (1, 10, 0.0, 1, True, True), (1, 10, 0.0, 2, True, True), (1, 10, 0.1, 1, True, True), (1, 10, 0.1, 2, True, True), (1, 10, 0.2, 1, True, True), 
, (1, 10, 0.2, 2, False, False), (1, 10, 0.30000000000000004, 1, True, True), (1, 10, 0.30000000000000004, 2, True, True), (1, 10, 0.4, 1, True, True), (1, 10, 0.4, 2, True, True), 
, (1, 10, 0.5, 1, True, True), (1, 10, 0.5, 2, True, True), (1, 10, 0.6000000000000001, 1, True, True), (1, 10, 0.6000000000000001, 2, False, False), (1, 10, 0.7000000000000001, 1, True, True), 
, (1, 10, 0.7000000000000001, 2, True, True), (1, 10, 0.8, 1, True, True), (1, 10, 0.8, 2, True, True), (1, 10, 0.9, 1, True, True), (1, 10, 0.9, 2, False, False), 
, (2, 10, 0.0, 1, False, False), (2, 10, 0.0, 2, False, False), (2, 10, 0.1, 1, False, False), (2, 10, 0.1, 2, False, False), (2, 10, 0.2, 1, False, False), 
, (2, 10, 0.2, 2, True, True), (2, 10, 0.30000000000000004, 1, False, False), (2, 10, 0.30000000000000004, 2, False, False), (2, 10, 0.4, 1, False, False), (2, 10, 0.4, 2, False, False), 
, (2, 10, 0.5, 1, False, False), (2, 10, 0.5, 2, False, False), (2, 10, 0.6000000000000001, 1, False, False), (2, 10, 0.6000000000000001, 2, False, False), (2, 10, 0.7000000000000001, 1, False, False), 
, (2, 10, 0.7000000000000001, 2, False, False), (2, 10, 0.8, 1, False, False), (2, 10, 0.8, 2, False, False), (2, 10, 0.9, 1, False, False), (2, 10, 0.9, 2, False, False), 
, (3, 10, 0.0, 1, False, False), (3, 10, 0.0, 2, False, False), (3, 10, 0.1, 1, False, False), (3, 10, 0.1, 2, False, False), (3, 10, 0.2, 1, False, False), 
, (3, 10, 0.2, 2, False, False), (3, 10, 0.30000000000000004, 1, False, False), (3, 10, 0.30000000000000004, 2, False, False), (3, 10, 0.4, 1, False, False), (3, 10, 0.4, 2, False, False), 
, (3, 10, 0.5, 1, False, False), (3, 10, 0.5, 2, False, False), (3, 10, 0.6000000000000001, 1, False, False), (3, 10, 0.6000000000000001, 2, False, False), (3, 10, 0.7000000000000001, 1, False, False), 
, (3, 10, 0.7000000000000001, 2, False, False), (3, 10, 0.8, 1, False, False), (3, 10, 0.8, 2, False, False), (3, 10, 0.9, 1, False, False), (3, 10, 0.9, 2, False, False), 
, (4, 10, 0.0, 1, False, False), (4, 10, 0.0, 2, False, False), (4, 10, 0.1, 1, False, False), (4, 10, 0.1, 2, False, False), (4, 10, 0.2, 1, False, False), 
, (4, 10, 0.2, 2, False, False), (4, 10, 0.30000000000000004, 1, False, False), (4, 10, 0.30000000000000004, 2, False, False), (4, 10, 0.4, 1, False, False), (4, 10, 0.4, 2, False, False), 
, (4, 10, 0.5, 1, False, False), (4, 10, 0.5, 2, False, False), (4, 10, 0.6000000000000001, 1, False, False), (4, 10, 0.6000000000000001, 2, False, False), (4, 10, 0.7000000000000001, 1, False, False), 
, (4, 10, 0.7000000000000001, 2, False, False), (4, 10, 0.8, 1, False, False), (4, 10, 0.8, 2, False, False), (4, 10, 0.9, 1, False, False), (4, 10, 0.9, 2, False, False), 
, (5, 10, 0.0, 1, False, False), (5, 10, 0.0, 2, False, False), (5, 10, 0.1, 1, False, False), (5, 10, 0.1, 2, False, False), (5, 10, 0.2, 1, False, False), 
, (5, 10, 0.2, 2, False, False), (5, 10, 0.30000000000000004, 1, False, False), (5, 10, 0.30000000000000004, 2, False, False), (5, 10, 0.4, 1, False, False), (5, 10, 0.4, 2, False, False), 
, (5, 10, 0.5, 1, False, False), (5, 10, 0.5, 2, False, False), (5, 10, 0.6000000000000001, 1, False, False), (5, 10, 0.6000000000000001, 2, False, False), (5, 10, 0.7000000000000001, 1, False, False), 
, (5, 10, 0.7000000000000001, 2, False, False), (5, 10, 0.8, 1, False, False), (5, 10, 0.8, 2, False, False), (5, 10, 0.9, 1, False, False), (5, 10, 0.9, 2, False, False), 
, 

number of all configurations: 200
number of fully (true, true) successful configurations: 67
number of partially only (false, true) successful configurations: 10
number of total fail (false, false) configurations: 123


avg sindy: 
a(n) = 52*a(n - 2) + 30*a(n - 1)
False  -  checked avg against website ground truth.     
False  -  "manual" check avg if equation is correct.    
While total time consumed by now, scale:1993/34371, seq_id:A013825, order:20 took:
 96.6 seconds, i.e. 1.61 minutes or 0.027 hours.

A013825: 
a(n) = 32*a(n - 1)
truth: 
a(n) = 32*a(n - 1),  
a(0) = 16

True  -  checked against website ground truth.     
True  -  "manual" check if equation is correct.    
