0 1
1 1
2 1
3 1
4 2
5 2
6 2
7 2
8 4
9 4
10 4
11 4
12 7
13 7
14 7
15 7
16 11
17 11
18 12
19 12
20 17
21 17
22 18
23 18
24 25
25 25
26 27
27 27
28 35
29 35
30 38
31 38
32 48
33 48
34 52
35 52
36 64
37 64
38 69
39 69
40 83
41 83
42 90
43 90
44 106
45 106
46 114
47 114
48 133
49 133
50 143
51 143
52 164
53 164
54 176
55 176
56 200
57 200
58 214
59 214
60 241
61 241
62 257
63 257
64 287
65 287
66 306
67 306
68 339
69 339
70 360
71 360
72 397
73 397
74 421
75 421
76 461
77 461
78 488
79 488
80 532
81 532
82 562
83 562
84 610
85 610
86 643
87 643
88 695
89 695
90 732
91 732
92 788
93 788
94 828
95 828
96 889
97 889
98 933
99 933
100 998
101 998
102 1046
103 1046
104 1116
105 1116
106 1168
107 1168
108 1243
109 1243
110 1299
111 1299
112 1379
113 1379
114 1440
115 1440
116 1525
117 1525
118 1590
119 1590
120 1681
121 1681
122 1751
123 1751
124 1847
125 1847
126 1922
127 1922
128 2024
129 2024
130 2104
131 2104
132 2212
133 2212
134 2297
135 2297
136 2411
137 2411
138 2502
139 2502
140 2622
141 2622
142 2718
143 2718
144 2845
145 2845
146 2947
147 2947
148 3080
149 3080
150 3188
151 3188
152 3328
153 3328
154 3442
155 3442
156 3589
157 3589
158 3709
159 3709
160 3863
161 3863
162 3990
163 3990
164 4151
165 4151
166 4284
167 4284
168 4453
169 4453
170 4593
171 4593
172 4769
173 4769
174 4916
175 4916
176 5100
177 5100
178 5254
179 5254
180 5446
181 5446
182 5607
183 5607
184 5807
185 5807
186 5976
187 5976
188 6184
189 6184
190 6360
191 6360
192 6577
193 6577
194 6761
195 6761
196 6986
197 6986
198 7178
199 7178
200 7412
201 7412
202 7612
203 7612
204 7855
205 7855
206 8063
207 8063
208 8315
209 8315
210 8532
211 8532
212 8793
213 8793
214 9018
215 9018
216 9289
217 9289
218 9523
219 9523
220 9803
221 9803
222 10046
223 10046
224 10336
225 10336
226 10588
227 10588
228 10888
229 10888
230 11149
231 11149
232 11459
233 11459
234 11730
235 11730
236 12050
237 12050
238 12330
239 12330
240 12661
241 12661
242 12951
243 12951
244 13292
245 13292
246 13592
247 13592
248 13944
249 13944
250 14254
251 14254
252 14617
253 14617
254 14937
255 14937
256 15311
257 15311
258 15642
259 15642
260 16027
261 16027
262 16368
263 16368
264 16765
265 16765
266 17117
267 17117
268 17525
269 17525
270 17888
271 17888
272 18308
273 18308
274 18682
275 18682
276 19114
277 19114
278 19499
279 19499
280 19943
281 19943
282 20340
283 20340
284 20796
285 20796
286 21204
287 21204
288 21673
289 21673
290 22093
291 22093
292 22574
293 22574
294 23006
295 23006
296 23500
297 23500
298 23944
299 23944
300 24451
301 24451
302 24907
303 24907
304 25427
305 25427
306 25896
307 25896
308 26429
309 26429
310 26910
311 26910
312 27457
313 27457
314 27951
315 27951
316 28511
317 28511
318 29018
319 29018
320 29592
321 29592
322 30112
323 30112
324 30700
325 30700
326 31233
327 31233
328 31835
329 31835
330 32382
331 32382
332 32998
333 32998
334 33558
335 33558
336 34189
337 34189
338 34763
339 34763
340 35408
341 35408
342 35996
343 35996
344 36656
345 36656
346 37258
347 37258
348 37933
349 37933
350 38549
351 38549
352 39239
353 39239
354 39870
355 39870
356 40575
357 40575
358 41220
359 41220
360 41941
361 41941
362 42601
363 42601
364 43337
365 43337
366 44012
367 44012
368 44764
369 44764
370 45454
371 45454
372 46222
373 46222
374 46927
375 46927
376 47711
377 47711
378 48432
379 48432
380 49232
381 49232
382 49968
383 49968
384 50785
385 50785
386 51537
387 51537
388 52370
389 52370
390 53138
391 53138
392 53988
393 53988
394 54772
395 54772
396 55639
397 55639
398 56439
399 56439
400 57323
401 57323
402 58140
403 58140
404 59041
405 59041
406 59874
407 59874
408 60793
409 60793
410 61643
411 61643
412 62579
413 62579
414 63446
415 63446
416 64400
417 64400
418 65284
419 65284
420 66256
421 66256
422 67157
423 67157
424 68147
425 68147
426 69066
427 69066
428 70074
429 70074
430 71010
431 71010
432 72037
433 72037
434 72991
435 72991
436 74036
437 74036
438 75008
439 75008
440 76072
441 76072
442 77062
443 77062
444 78145
445 78145
446 79153
447 79153
448 80255
449 80255
450 81282
451 81282
452 82403
453 82403
454 83448
455 83448
456 84589
457 84589
458 85653
459 85653
460 86813
461 86813
462 87896
463 87896
464 89076
465 89076
466 90178
467 90178
468 91378
469 91378
470 92499
471 92499
472 93719
473 93719
474 94860
475 94860
476 96100
477 96100
478 97260
479 97260
480 98521
481 98521
482 99701
483 99701
484 100982
485 100982
486 102182
487 102182
488 103484
489 103484
490 104704
491 104704
492 106027
493 106027
494 107267
495 107267
496 108611
497 108611
498 109872
499 109872
500 111237
501 111237
502 112518
503 112518
504 113905
505 113905
506 115207
507 115207
508 116615
509 116615
510 117938
511 117938
512 119368
513 119368
514 120712
515 120712
516 122164
517 122164
518 123529
519 123529
520 125003
521 125003
522 126390
523 126390
524 127886
525 127886
526 129294
527 129294
528 130813
529 130813
530 132243
531 132243
532 133784
533 133784
534 135236
535 135236
536 136800
537 136800
538 138274
539 138274
540 139861
541 139861
542 141357
543 141357
544 142967
545 142967
546 144486
547 144486
548 146119
549 146119
550 147660
551 147660
552 149317
553 149317
554 150881
555 150881
556 152561
557 152561
558 154148
559 154148
560 155852
561 155852
562 157462
563 157462
564 159190
565 159190
566 160823
567 160823
568 162575
569 162575
570 164232
571 164232
572 166008
573 166008
574 167688
575 167688
576 169489
577 169489
578 171193
579 171193
580 173018
581 173018
582 174746
583 174746
584 176596
585 176596
586 178348
587 178348
588 180223
589 180223
590 181999
591 181999
592 183899
593 183899
594 185700
595 185700
596 187625
597 187625
598 189450
599 189450
600 191401
601 191401
602 193251
603 193251
604 195227
605 195227
606 197102
607 197102
608 199104
609 199104
610 201004
611 201004
612 203032
613 203032
614 204957
615 204957
616 207011
617 207011
618 208962
619 208962
620 211042
621 211042
622 213018
623 213018
624 215125
625 215125
626 217127
627 217127
628 219260
629 219260
630 221288
631 221288
632 223448
633 223448
634 225502
635 225502
636 227689
637 227689
638 229769
639 229769
640 231983
641 231983
642 234090
643 234090
644 236331
645 236331
646 238464
647 238464
648 240733
649 240733
650 242893
651 242893
652 245189
653 245189
654 247376
655 247376
656 249700
657 249700
658 251914
659 251914
660 254266
661 254266
662 256507
663 256507
664 258887
665 258887
666 261156
667 261156
668 263564
669 263564
670 265860
671 265860
672 268297
673 268297
674 270621
675 270621
676 273086
677 273086
678 275438
679 275438
680 277932
681 277932
682 280312
683 280312
684 282835
685 282835
686 285243
687 285243
688 287795
689 287795
690 290232
691 290232
692 292813
693 292813
694 295278
695 295278
696 297889
697 297889
698 300383
699 300383
700 303023
701 303023
702 305546
703 305546
704 308216
705 308216
706 310768
707 310768
708 313468
709 313468
710 316049
711 316049
712 318779
713 318779
714 321390
715 321390
716 324150
717 324150
718 326790
719 326790
720 329581
721 329581
722 332251
723 332251
724 335072
725 335072
726 337772
727 337772
728 340624
729 340624
730 343354
731 343354
732 346237
733 346237
734 348997
735 348997
736 351911
737 351911
738 354702
739 354702
740 357647
741 357647
742 360468
743 360468
744 363445
745 363445
746 366297
747 366297
748 369305
749 369305
750 372188
751 372188
752 375228
753 375228
754 378142
755 378142
756 381214
757 381214
758 384159
759 384159
760 387263
761 387263
762 390240
763 390240
764 393376
765 393376
766 396384
767 396384
768 399553
769 399553
770 402593
771 402593
772 405794
773 405794
774 408866
775 408866
776 412100
777 412100
778 415204
779 415204
780 418471
781 418471
782 421607
783 421607
784 424907
785 424907
786 428076
787 428076
788 431409
789 431409
790 434610
791 434610
792 437977
793 437977
794 441211
795 441211
796 444611
797 444611
798 447878
799 447878
800 451312
801 451312
802 454612
803 454612
804 458080
805 458080
806 461413
807 461413
808 464915
809 464915
810 468282
811 468282
812 471818
813 471818
814 475218
815 475218
816 478789
817 478789
818 482223
819 482223
820 485828
821 485828
822 489296
823 489296
824 492936
825 492936
826 496438
827 496438
828 500113
829 500113
830 503649
831 503649
832 507359
833 507359
834 510930
835 510930
836 514675
837 514675
838 518280
839 518280
840 522061
841 522061
842 525701
843 525701
844 529517
845 529517
846 533192
847 533192
848 537044
849 537044
850 540754
851 540754
852 544642
853 544642
854 548387
855 548387
856 552311
857 552311
858 556092
859 556092
860 560052
861 560052
862 563868
863 563868
864 567865
865 567865
866 571717
867 571717
868 575750
869 575750
870 579638
871 579638
872 583708
873 583708
874 587632
875 587632
876 591739
877 591739
878 595699
879 595699
880 599843
881 599843
882 603840
883 603840
884 608021
885 608021
886 612054
887 612054
888 616273
889 616273
890 620343
891 620343
892 624599
893 624599
894 628706
895 628706
896 633000
897 633000
898 637144
899 637144
900 641476
901 641476
902 645657
903 645657
904 650027
905 650027
906 654246
907 654246
908 658654
909 658654
910 662910
911 662910
912 667357
913 667357
914 671651
915 671651
916 676136
917 676136
918 680468
919 680468
920 684992
921 684992
922 689362
923 689362
924 693925
925 693925
926 698333
927 698333
928 702935
929 702935
930 707382
931 707382
932 712023
933 712023
934 716508
935 716508
936 721189
937 721189
938 725713
939 725713
940 730433
941 730433
942 734996
943 734996
944 739756
945 739756
946 744358
947 744358
948 749158
949 749158
950 753799
951 753799
952 758639
953 758639
954 763320
955 763320
956 768200
957 768200
958 772920
959 772920
960 777841
961 777841
962 782601
963 782601
964 787562
965 787562
966 792362
967 792362
968 797364
969 797364
970 802204
971 802204
972 807247
973 807247
974 812127
975 812127
976 817211
977 817211
978 822132
979 822132
980 827257
981 827257
982 832218
983 832218
984 837385
985 837385
986 842387
987 842387
988 847595
989 847595
990 852638
991 852638
992 857888
993 857888
994 862972
995 862972
996 868264
997 868264
998 873389
999 873389
1000 878723
